204224292
511769510
431110107
850705142
2683517
590637175
962545563
301926262
763789344
497746490
969414137
777932541
831773651
648694035
619132197
196565265
635521541
419841180
786931866
405051760
181769330
275383277
332439026
343222259
395431171
697287180
280334353
793311124
601580493
203297547
968351823
458012196
22549097
463991302
788690457
251441516
522703887
876112580
321726352
38458567
566481365
850256176
692324666
627223788
545943564
623340165
845884861
238077459
398780824
805808452
190774783
951654681
2020711
749835073
836993087
