10
2.007632
0.000174
0.000144
0.000147
0.000144
0.000153
0.000158
0.000158
0.000155
0.000164
0.000152
2.005802
0.000154
0.000015
0.000142
0.000016
0.000132
0.000150
0.000145
0.000012
0.000022
0.000183
0.000146
0.000145
0.000146
0.000143
0.000010
0.000144
0.000146
0.000148
0.000012
0.000042
0.000107
0.000021
0.000128
0.000147
0.000044
0.000106
0.000150
0.000145
0.000009
0.000144
0.000151
0.000017
0.000140
0.000121
0.000148
0.000021
0.000030
0.000113
0.000164
0.000148
0.000149
0.000008
0.000148
0.000008
0.000153
0.000148
0.000032
0.000119
0.000157
0.000151
0.000008
0.000010
0.000028
0.000026
